12FE
0085
0085
0085
0085
0085
0085
0085
0085
0085
0085
0085
0085
0085
0085
1F7A
0085
0085
0085
0085
1EF5
0085
0085
0085
183C
0085
0085
0085
1EF5
0085
0085
1F7A
0085
0085
0085
0085
1B51
0085
0085
0085
0085
1D66
0085
0085
0085
0085
0085
0085
0085
0085
0085
1F7A
0085
0085
0085
0085
0085
0085
0085
0085
1EF5
0085
0085
0085
0085
0085
0085
0085
0085
0085
0085
0085
1F7A
0085
0085
0085
0085
0085
0085
1F7A
140A
0085
0085
0085
1F7A
0085
1EF5
0085
0085
0085
0085
159B
0085
0085
0085
0085
0085
0085
0085
0085
0085
0085
0085
1E70
0085
1CE1
1F7A
0085
0085
0085
1EF5
1F7A
0085
0085
1EF5
0085
0085

