0085
0085
12FE
0085
0085
1DEB
1EF7
0085
0085
0085
0085
0085
0085
0085
0085
0085
0085
0085
0085
0085
0085
0085
0085
0085
0085
0085
0085
1A47
0085
0085
0085
0085
0085
0085
0085
1DEB
0085
0085
0085
0085
1DEB
0085
0085
0085
1E70
0085
0085
1DEB
0085
0085
0085
0085
0085
0085
0085
0085
0085
0085
0085
0085
0085
0085
0085
0085
0085
0085
0085
0085
0085
0085
0085
0085
0085
0085
0085
0085
0085
0085
0085
0085
0085
0085
0085
1E70
0085
0085
0085
0085
0085
0085
0085
0085
0085
0085
12FE
0085
0085
0085
0085
0085
0085
0085
1F7A
0085
0085
1F7A
0085
0085
0085
1F7A
0085
1F7A
1D66
0085
0085
0085
0085

