0085
0085
1E70
0085
0085
0085
0085
0085
1F7A
0085
0085
1D66
12FE
16A3
12FE
0085
0085
0085
0085
0085
0085
0085
0085
0085
0085
0085
0085
1ACC
0085
0085
1F7A
0085
193D
0085
0085
1EF5
0085
0085
1F7A
0085
0085
0085
0085
0085
0085
0085
1F7A
1E70
0085
0085
0085
0085
0085
0085
0085
0085
0085
0085
0085
0085
0085
0085
0085
0085
0085
0085
0085
0085
0085
1EF5
1F7A
0085
0085
0085
0085
0085
1F7A
0085
0085
0085
1F7A
0085
0085
0085
1F7A
0085
0085
0085
0085
0085
0085
0085
0085
0085
0085
0085
0085
0085
0085
0085
0085
0085
0085
0085
0085
0085
0085
0085
0085
0085
0085
0085
1F7A
1BD7
0085
1F7A
0085

