0085
1D67
0085
0085
0085
0085
0085
0085
0085
0085
0085
0085
1F7A
0085
0085
0085
0085
1F7A
0085
0085
0085
0085
0085
0085
0085
0085
0085
0085
0085
0085
1F7A
1EF5
0085
0085
0085
0085
1E70
0085
0085
0085
0085
0085
0085
0085
0085
0085
1E70
0085
1DEB
0085
0085
1F7A
0085
1E70
0085
0085
0085
0085
0085
0085
0085
0085
12FE
0085
0085
0085
1F7A
0085
0085
0085
0085
0085
0085
0085
1F7A
12FE
0085
0085
0085
1D66
0085
0085
0085
0085
0085
1B51
1DEB
0085
0085
0085
0085
0085
0085
0085
1EF5
0085
0085
0085
0085
0085
0085
0085
0085
0085
0085
0085
0085
0085
1EF5
0085
0085
1F7A
0085
0085
0085
0085
0085

