12FE
0085
0085
0085
1ACC
1EF5
0085
0085
1ACC
0085
0085
1DEB
0085
0085
1F7A
1DEB
0085
0085
0085
0085
0085
0085
0085
0085
0085
0085
0085
0085
0085
0085
0085
1E70
0085
0085
0085
1B51
0085
0085
0085
0085
0085
0085
0085
1F7A
0085
0085
0085
1F7A
0085
0085
0085
0085
0085
0085
0085
0085
0085
0085
0085
1EF5
0085
0085
0085
0085
0085
0085
0085
0085
0085
0085
0085
0085
1EF5
0085
1F7A
0085
1F7A
0085
0085
1E70
0085
0085
0085
0085
0085
0085
0085
0085
0085
1F7A
0085
0085
0085
0085
0085
1F7A
0085
0085
0085
0085
0085
1DEB
0085
0085
0085
0085
0085
0085
0085
0085
0085
0085
0085
0085
0085
0085
1F7A

