0085
0085
0085
0085
0085
0085
0085
0085
0085
0085
0085
1836
0085
1DEB
0085
0085
0085
1E72
0085
0085
0085
0085
0085
0085
0085
0085
0085
0085
0085
1D66
0085
1F7A
1F7A
0085
0085
0085
0085
0085
0085
0085
0085
0085
0085
0085
0085
0085
0085
1A47
0085
0085
0085
0085
0085
0085
12FE
1EF5
0085
0085
0085
0085
0085
0085
0085
0085
0085
0085
0085
0085
0085
0085
0085
0085
0085
0085
0085
0085
0085
0085
1F7A
0085
0085
0085
1EF5
0085
0085
0085
0085
0085
0085
0085
0085
1E72
0085
1F7A
0085
1F7A
1F7A
0085
0085
0085
0085
0085
0085
0085
1F7A
0085
0085
0085
0085
1F7A
0085
0085
0085
0085
0085
0085
1EF5

