12FE
1599
0085
0085
12FE
0085
1BD7
0085
0085
0085
0085
0085
0085
0085
0085
0085
0085
0085
0085
0085
0085
0085
1F7A
1EF5
0085
0085
0085
0085
0085
0085
0085
0085
0085
1F7A
0085
0085
0085
0085
0085
0085
0085
0085
1EF5
0085
0085
0085
0085
0085
0085
0085
0085
12FE
1EF5
1F7A
0085
0085
0085
0085
1C5C
0085
0085
0085
0085
0085
0085
0085
0085
1F7A
0085
0085
0085
0085
0085
0085
0085
0085
0085
0085
0085
18B8
0085
0085
0085
0085
0085
0085
0085
0085
1F7A
0085
0085
0085
1EF5
0085
0085
0085
0085
0085
0085
0085
1E70
0085
0085
0085
0085
0085
0085
1F7A
0085
0085
0085
0085
0085
0085
0085
0085

